21 30 19

1.94588 1.7541 1.22706 0.264277 -0.655767 0.609615 1.61527 -2.70501 -0.543796 0.439913 1.32876 1.0973 1.01506 0.562355 0.493461 0.384752 1.06004 -3.88016 -1.04322 0.778861 1.83263 
-2.12241 0.305061 0.766975 0.878328 -0.0114088 -0.790247 -1.5875 -1.06642 0.322263 0.893398 0.10858 0.958242 0.34457 -0.64644 -0.746975 -1.23629 -0.0309581 0.27445 0.336374 -0.148116 -2.33982 
0.877722 0.365218 0.255463 -0.0648269 -0.542388 -0.164166 0.345073 -1.87679 1.07748 0.755466 -0.516034 -0.71344 -0.976967 0.146367 0.2349 1.10778 0.538959 -0.173029 -0.311639 -0.254399 0.248541 
0.721904 0.851281 -0.704394 0.852548 -0.739621 -0.874064 0.918946 -1.24541 -0.829973 0.691426 -0.035607 0.512241 -0.345782 0.255723 -0.0284845 -1.10897 0.464196 -1.54469 -0.385824 1.45177 0.767094 
1.81825 -1.1945 -1.05921 0.481328 0.3936 -0.209855 -1.25147 -0.258441 1.15737 0.26235 -1.02368 0.527905 0.481182 -1.13976 -0.983465 0.237603 0.447762 -0.336328 -0.703925 -0.658274 -0.75758 
-0.986716 1.18777 -0.234745 0.985443 -0.525555 0.779846 -0.503269 1.18271 -0.687596 -0.224538 -0.811286 0.975351 -0.547558 0.17458 -0.860801 0.819894 -0.7009 1.13594 -0.393485 -0.344127 -0.748455 
1.69641 0.317258 -0.0709778 0.103214 -0.383662 0.392147 0.348117 -0.577487 0.154071 -0.249235 -4.38785 1.38444 0.532126 0.368758 -1.02909 0.492947 1.2982 -0.470014 0.0576436 0.768166 -0.860573 
-3.82318 -0.743136 -3.11862 -2.94621 0.138518 0.506038 0.823964 1.52965 2.5487 3.20421 -3.91518 -2.27249 -1.41212 -4.33057 -0.616197 -0.0157598 0.585839 1.42125 2.62448 3.00952 -3.70342 
-0.720542 0.822451 0.764626 1.03741 -0.514094 -0.0995046 0.852559 1.3045 1.42525 -0.563458 0.295132 -0.228679 -0.484533 -1.07546 -1.11609 0.118876 -0.0931453 0.093139 -1.01512 -0.213412 0.332818 
-1.33815 -0.816816 1.06674 0.808197 -0.337612 -1.05755 -0.986205 0.798289 0.371462 0.0154111 -0.174214 0.211302 2.40307 -1.39878 -0.733322 0.640157 0.26929 -1.06231 -0.739279 -0.459553 -0.319101 
0.678718 -0.605272 0.9534 -0.288751 0.643193 -0.134863 -0.95536 0.976267 -1.64837 1.47456 2.74531 -0.40116 -1.47063 0.792412 0.797918 0.596445 0.209443 2.44767 -0.724761 -1.17987 0.0665894 
-1.01368 -2.44984 -0.919252 -0.804297 2.23259 0.443419 -1.34456 1.66555 0.379815 2.69238 1.21485 -0.797016 -0.194888 0.649587 -0.663502 1.04986 -0.223766 -0.376177 0.935023 -1.3227 -0.220825 
0.970814 -0.305267 -0.671776 1.18365 -0.827875 -0.458615 0.397968 -0.937094 1.06838 -0.226059 -0.808761 -0.631933 -0.351149 1.37075 0.79836 -0.524158 -0.765503 0.729964 -0.516836 -0.626093 -0.448779 
1.61807 -0.981525 -1.74877 -0.601168 -0.175775 1.56131 -0.647717 3.02512 -0.581934 -0.626767 0.424934 1.28186 -2.06844 1.00131 0.435929 -0.319124 0.537702 -1.71221 1.06376 0.743731 0.253847 
-0.444271 -1.38274 1.98601 3.78206 -1.85926 -0.595408 -1.18706 0.673093 2.23403 -3.39715 1.80229 -0.259592 -0.269668 -1.08415 0.447645 0.938355 1.22033 2.1343 -0.71314 -0.236935 -0.565154 
-0.40935 -0.752481 -0.0531284 1.80505 1.34078 1.39446 -0.181322 -0.0905892 -0.756226 0.326057 -0.525423 0.195167 0.98677 0.288602 -0.309457 -0.562454 -0.799271 -0.439066 0.268525 1.5165 2.49111 
0.696605 0.833768 -1.6998 -0.356771 0.580152 1.09432 -0.268107 -1.67998 0.465565 1.7589 1.05056 1.04792 -0.840477 -0.924655 0.904105 1.40022 -0.457277 -0.975742 0.569759 1.44906 0.708532 
-0.707305 -0.737986 1.42515 -0.522059 -0.765643 0.866667 0.786603 -0.366496 -1.46029 1.04354 0.423532 -1.77388 -2.24694 0.38295 0.127513 0.963294 1.43659 0.760983 -1.59625 0.917613 0.597072 
5.55291 -1.34358 0.312101 -0.479646 -1.49593 0.903349 -1.19642 2.36619 -1.82783 -2.61518 -1.53576 1.54208 0.042229 1.06511 0.72113 -0.649626 0.757023 -0.312598 0.764094 0.473085 1.26349 
1.47342 -1.023 1.10802 -0.559404 0.616327 0.00229856 -0.258567 1.26773 -1.36136 1.23371 -0.301345 1.6007 0.0107279 2.78133 -1.17975 0.835892 1.37836 0.0613513 -1.77907 -1.39655 0.271331 
-0.338774 -0.187309 -1.00426 0.122433 0.599919 -1.43121 0.315548 1.04205 -2.11493 0.516859 1.98733 -1.06531 -0.351542 0.208444 -1.20712 -0.650506 1.06985 -3.06129 -0.426281 0.624001 -0.503633 
3.31112 1.08496 -0.569091 -2.1992 1.35156 -0.333283 -1.27209 -3.58158 0.807235 -1.50648 2.41855 0.943869 -0.183318 -1.84608 1.78012 0.151013 -1.36796 2.20639 0.679191 -1.44894 0.286273 
1.29054 1.17165 -0.0144917 -0.980828 -1.13445 -0.147206 -0.215389 -0.393595 -0.742047 -0.450061 -6.60052 -2.45947 0.823855 -0.30769 0.778184 1.28272 1.7971 -1.50799 1.9949 1.64748 -0.43409 
0.140225 0.523998 0.0969212 -1.05222 -0.103074 0.658251 0.0229706 -1.16997 -0.497084 0.431349 0.166086 1.03869 -0.104902 -1.32717 -0.107619 1.63185 0.233651 -1.36941 -0.688438 1.05994 1.20816 
0.158201 -0.473299 -1.07143 0.349711 -0.916989 -1.90827 0.710906 -0.403755 4.16042 0.598212 -0.0100243 0.609608 -0.311925 0.00564077 0.891477 -0.355141 -1.66345 0.814836 0.022198 -1.75765 -0.98101 
-2.10236 -1.30671 -1.08791 1.59795 1.52015 -0.672032 -0.748599 1.67532 -0.944064 1.63482 1.44607 1.30761 1.29638 1.39989 -1.22099 -1.18631 -1.05915 -1.26003 -1.17091 -1.15595 -0.455231 
-0.707291 -0.387194 2.99958 2.72732 0.0633969 -0.926756 -1.20344 -2.62224 -0.216955 1.73248 0.26204 -0.719397 -0.809525 -0.848974 -0.858263 -0.317039 0.171834 0.608616 -0.0410966 -0.248201 2.06023 
1.706 -0.622078 0.543637 -1.69876 0.323812 -1.16333 0.218224 -1.10627 1.64407 -1.05301 0.138324 -0.934966 0.680839 -0.982476 0.583344 -1.09932 0.382792 -1.07355 0.374497 -1.12601 -0.578258 
-0.996095 -0.774846 -0.860395 -0.807989 -0.357825 0.586984 0.300013 1.69038 -1.653 -1.56902 -0.210623 0.189021 0.876161 0.726868 0.98764 -1.06899 -0.992293 -1.11031 0.287498 0.847787 -0.437007 
-0.4433 -0.587705 -0.892709 3.35366 -0.830806 -0.848315 -0.926244 -0.873786 3.26881 -0.964339 -2.44797 -1.64693 1.03769 -2.51007 -2.27372 0.760351 1.11591 1.64369 1.20146 1.50842 -0.828329 

0.0549036 0.0160472 -0.00560885 0.0527535 0.0574316 0.0627397 -0.123695 0.0130374 -0.0713548 -0.0190899 -0.0285407 0.0337286 -0.0387363 -0.0589798 0.0131136 0.0137207 0.010696 -0.0259149 0.0638269 0.0335113 0.0646696 -0.0378598 -0.0779244 -0.0105572 0.00840859 -0.134128 -0.0628943 0.012066 -0.0303771 0.01993 
0.0552773 -0.0881937 -0.0456669 -0.0346747 0.126941 0.0612336 -0.0214619 0.00212776 -0.14917 0.0333082 -0.0028735 -0.063257 -0.0473124 0.0186768 0.0250575 0.0463772 -0.0391704 -0.0541943 -0.0634578 -0.0805755 0.0897842 -0.0927848 -0.117693 -0.0491919 0.0202026 -0.182008 -0.0561845 -0.0491375 -0.109311 -0.098221 
0.0372101 0.00105807 -0.0936462 0.11723 -0.0449202 0.0452818 0.0374421 0.0768621 0.039969 0.273802 -0.0936873 0.0853848 0.130827 0.0453303 -0.0559408 0.0592304 0.065883 0.0736068 0.0342644 -0.0332247 -0.00721148 0.072462 -0.133483 -0.19938 -0.124326 -0.193202 -0.07003 0.0418539 -0.174626 -0.12565 
0.0044145 -0.0191893 -0.172478 0.121511 -0.179458 -0.0534014 0.272432 0.0978932 0.152096 0.556627 -0.0268971 0.0782855 0.287971 0.226883 -0.107166 0.0741497 0.118051 0.172326 -0.0864782 -0.15913 -0.101906 0.158268 -0.116967 -0.413159 -0.214714 -0.158682 -0.0446016 0.0218934 -0.258249 -0.223509 
0.545353 1.68587 -1.33629 -0.752284 0.203749 -0.0409639 -0.73735 -0.165955 0.842901 -0.61549 0.742497 -0.530956 0.776873 0.392138 -0.498462 0.777212 0.0750077 -0.479938 -0.545099 1.16672 0.266401 -0.311247 0.727709 0.780216 0.513702 -0.673229 0.995895 0.165159 0.754617 0.530562 
-0.182094 -0.52015 -0.0995538 0.300639 0.918536 -0.770834 -0.269074 0.359053 1.45921 -0.590281 -0.243973 0.525367 0.794661 -0.289826 -0.243616 -1.77556 -0.41783 0.209875 0.827524 -0.684579 -0.958978 0.172516 0.203542 0.749275 -0.98547 1.24796 0.143479 -0.336025 -0.664455 -0.57365 
-0.998472 -1.96247 1.75232 0.646988 0.425896 1.44564 0.824446 0.0682611 -1.58151 -0.503999 -1.25227 -0.157114 -1.42092 -0.359409 2.15507 1.01528 -0.154098 0.0670316 -1.02854 -0.178573 0.385871 0.590943 0.600753 -0.788718 0.218258 1.29702 0.685192 0.348883 1.33283 -1.66648 
1.72119 -2.04036 -1.01378 -1.49768 -1.56198 -0.384699 0.39337 0.417931 -1.22578 0.0294917 1.15231 -0.990605 -1.1592 -1.19418 -0.578319 -2.34651 1.29337 0.0337793 1.70165 0.339098 0.621664 -0.213468 -0.232778 -0.820921 1.57754 0.638565 -0.800339 -0.527519 -0.817561 1.84357 
0.0968498 0.388276 0.821319 0.983082 -1.71149 -0.177752 0.612226 -0.435761 0.535995 -0.477316 1.80085 1.06432 0.300753 -0.194289 -0.263521 -0.779604 -0.494846 -1.40264 -0.240848 0.554997 -0.522191 -0.135768 -0.526852 1.83099 -0.786411 -0.492193 -0.188842 0.76367 1.80893 2.35582 
-0.790908 1.55765 2.34957 -0.121825 -0.0944847 -1.28173 -1.45323 -0.463577 0.442909 0.942127 -0.344327 -0.990584 -0.382693 1.80257 -0.931576 0.362608 -0.85702 -0.12557 -0.502833 0.761117 -0.558232 0.689767 -0.302173 0.309426 -0.873711 0.322155 -0.213875 -0.757155 0.627454 1.24813 
1.59439 2.18445 -0.637274 -0.86511 0.932316 1.36095 0.222884 -0.224149 -0.347875 -0.89578 0.378643 0.142286 -0.930738 -1.45216 -0.393866 4.11333 0.0809409 1.15489 1.16141 -1.16454 0.836445 -0.390178 0.11713 -0.953348 1.53973 -0.0395242 -2.03309 0.729431 -1.53602 -0.263852 
-0.346408 2.45395 0.0719622 0.884108 0.334934 -0.640448 -0.0616326 -0.743537 0.00994222 -1.08199 -0.285546 0.583554 -0.504104 -0.701071 1.28881 2.2826 0.926212 -0.500251 -0.927345 0.891046 -0.289302 -0.277035 0.411043 -0.879554 -0.370167 -0.994109 -1.25528 -0.249511 0.578423 -0.392895 
-2.05325 -2.19638 0.568763 -0.291914 -0.281012 0.129614 0.486467 -0.113864 -0.738446 1.08182 -1.45962 -0.30735 0.785675 0.806864 0.198474 -1.32676 -0.0547226 0.676923 0.127564 -1.44794 -0.0330379 -0.310481 -0.383611 0.735539 -0.715112 1.2742 0.432979 0.427675 -1.76509 -1.58925 
0.12587 -0.411115 -0.908541 0.439746 -0.144762 0.459603 0.42325 -0.427472 -0.954672 -0.411278 -0.0332252 1.05531 0.432501 -0.142503 0.767137 0.025946 -1.35934 -0.764304 -0.725658 0.53475 1.11796 0.34809 0.374398 1.44245 1.33005 -1.70609 1.13888 -1.18418 1.34539 0.0596237 
0.104504 -1.27636 -0.588909 0.0324665 0.420416 0.00345329 -0.565287 0.160688 0.519231 0.970585 -0.190682 -0.401619 -0.0887319 0.887107 -0.964618 -1.87747 0.19617 0.807758 0.069219 -0.270301 -0.807235 -0.215265 -0.313913 -0.897824 -0.277632 0.131872 0.832235 0.393834 -0.493444 0.00979374 
-0.367694 0.16603 0.27405 -0.0594414 0.32645 -0.0604358 0.193623 0.0173687 0.506467 0.00638439 0.0582429 0.0600111 0.203605 0.0390296 0.00202296 0.289648 0.0960845 -0.230092 -0.138636 -0.024606 0.179361 -0.040203 0.107636 -0.0560068 -0.0785524 -0.137788 0.707497 -0.0345886 0.607658 -0.42393 
-0.0199874 0.132042 0.0619026 0.10679 -0.121064 -0.0147514 -0.0331149 0.158345 0.15179 -0.0702917 0.0103055 0.0966246 0.0512893 -0.123426 0.0258306 0.158843 0.079365 -0.0101278 0.129616 0.140538 -0.028683 0.123664 0.0650647 0.0449408 -0.0327071 0.102891 -0.0929334 0.0616065 0.0697983 0.096167 
0.21329 -0.0712459 -0.0497873 -0.0539485 -0.131119 -0.0125789 -0.0267804 0.169453 -0.231469 -0.0647176 0.0574601 -0.105387 -0.119741 -0.0496473 0.0589264 0.096493 -0.0433456 0.0140961 0.0370326 -0.0155811 -0.0562506 -0.00858336 -0.0441401 0.010164 0.0271434 0.106025 -0.402279 -0.00873639 -0.298984 0.157253 
0.122367 -0.00833916 -0.0270438 -0.0264199 -0.0683798 0.00510812 -0.00997995 0.0902386 -0.123874 -0.037315 0.0406801 -0.0350689 -0.044472 -0.0391895 0.0175451 0.100697 -0.0118711 0.00368278 0.00983229 0.00468649 0.0116352 -0.0183244 -0.0290152 0.0217487 0.00445076 0.0121193 -0.188803 -0.0107041 -0.133325 0.081193 

