21 30 19

1.94707 1.7541 1.22984 0.25682 -0.655896 0.612071 1.61513 -2.70536 -0.543328 0.442301 1.32927 1.09743 1.01644 0.562281 0.493797 0.386624 1.06082 -3.8822 -1.04444 0.778405 1.83385 
-2.12809 0.305849 0.769177 0.880637 -0.0124423 -0.787059 -1.58801 -1.0708 0.322685 0.895294 0.105638 0.95759 0.345218 -0.64097 -0.742188 -1.2353 -0.0344988 0.271324 0.335029 -0.149179 -2.3406 
0.875739 0.364309 0.255349 -0.0649981 -0.542291 -0.163794 0.344604 -1.86936 1.07489 0.753662 -0.515743 -0.713027 -0.975372 0.147028 0.234763 1.10365 0.538864 -0.172709 -0.312958 -0.252139 0.248399 
0.724985 0.854149 -0.70462 0.854875 -0.742644 -0.875096 0.919835 -1.24826 -0.832352 0.692193 -0.0348252 0.514031 -0.346018 0.25623 -0.0280912 -1.11047 0.465641 -1.5471 -0.388038 1.45366 0.767523 
1.82096 -1.19504 -1.06357 0.482439 0.394935 -0.211178 -1.25469 -0.257163 1.15719 0.26419 -1.02339 0.52623 0.482065 -1.14139 -0.98323 0.235522 0.447254 -0.335734 -0.701194 -0.658464 -0.758933 
-0.988706 1.18895 -0.23251 0.983612 -0.526204 0.781706 -0.501066 1.18228 -0.688311 -0.224995 -0.80836 0.973324 -0.54493 0.173269 -0.859041 0.819404 -0.700795 1.13308 -0.392135 -0.3448 -0.747053 
1.69855 0.316627 -0.0705228 0.103342 -0.385543 0.391918 0.3502 -0.577518 0.15343 -0.250287 -4.38791 1.38729 0.532253 0.368347 -1.02912 0.489158 1.30094 -0.471351 0.055471 0.770612 -0.860237 
-3.82129 -0.744747 -3.11938 -2.95407 0.13536 0.502532 0.821547 1.53225 2.55564 3.20955 -3.9167 -2.27578 -1.41838 -4.33138 -0.616117 -0.0162938 0.585604 1.42214 2.62723 3.01589 -3.70597 
-0.719405 0.824751 0.762975 1.03528 -0.513189 -0.100588 0.85167 1.30484 1.42592 -0.564437 0.294273 -0.227164 -0.486495 -1.07585 -1.11596 0.119439 -0.0934614 0.0929096 -1.01398 -0.214372 0.331454 
-1.3406 -0.812159 1.06594 0.807272 -0.339001 -1.05664 -0.982331 0.798039 0.369953 0.0157303 -0.173317 0.21196 2.40028 -1.39741 -0.735023 0.640074 0.268811 -1.06013 -0.739116 -0.457341 -0.316665 
0.679148 -0.601818 0.952594 -0.291098 0.644287 -0.136546 -0.954108 0.977013 -1.64871 1.47311 2.74676 -0.401768 -1.4724 0.790941 0.797371 0.596557 0.209961 2.44805 -0.725043 -1.17728 0.0669495 
-1.01313 -2.44616 -0.919008 -0.805538 2.23359 0.441794 -1.34438 1.66378 0.379362 2.6915 1.21389 -0.798377 -0.19501 0.64997 -0.664238 1.05159 -0.223379 -0.375271 0.934136 -1.32235 -0.221134 
0.972009 -0.304395 -0.673776 1.18216 -0.827425 -0.458872 0.397423 -0.934768 1.06924 -0.227761 -0.808262 -0.632902 -0.352093 1.36961 0.800771 -0.525469 -0.76598 0.732016 -0.517774 -0.625568 -0.449075 
1.61939 -0.981814 -1.74786 -0.603981 -0.17496 1.56169 -0.649103 3.02742 -0.582677 -0.626254 0.425701 1.28259 -2.06856 1.00257 0.437618 -0.32316 0.53938 -1.71407 1.06286 0.745514 0.254842 
-0.445598 -1.38259 1.98396 3.78159 -1.85853 -0.594359 -1.1867 0.674795 2.23674 -3.39978 1.79991 -0.259592 -0.269446 -1.08526 0.446902 0.939285 1.2205 2.13238 -0.71161 -0.233405 -0.564934 
-0.411897 -0.752263 -0.0533777 1.81357 1.34562 1.38943 -0.186592 -0.0933118 -0.756781 0.330919 -0.523086 0.201299 0.985893 0.28466 -0.31133 -0.563692 -0.798237 -0.437419 0.267153 1.51674 2.49319 
0.694309 0.832834 -1.70079 -0.356002 0.582009 1.0957 -0.269221 -1.68091 0.465336 1.76153 1.05039 1.04922 -0.839042 -0.925562 0.902667 1.40044 -0.456777 -0.976749 0.570353 1.44865 0.708657 
-0.70733 -0.735682 1.42649 -0.519267 -0.765932 0.866838 0.783913 -0.369042 -1.46076 1.04334 0.422428 -1.77438 -2.24733 0.383338 0.127809 0.964264 1.43394 0.764148 -1.59617 0.917739 0.59745 
5.55287 -1.34509 0.318388 -0.478689 -1.4984 0.907129 -1.19699 2.36478 -1.83087 -2.61637 -1.54051 1.54229 0.042402 1.06547 0.721483 -0.651776 0.759598 -0.310382 0.763656 0.475332 1.26429 
1.47183 -1.02432 1.10949 -0.560514 0.617077 0.00320565 -0.260555 1.26834 -1.35946 1.23354 -0.298316 1.60222 0.0108022 2.77902 -1.18069 0.83404 1.37834 0.0629373 -1.77901 -1.39822 0.270797 
-0.339103 -0.188882 -1.0048 0.122238 0.602369 -1.43318 0.31839 1.04442 -2.12024 0.520213 1.98842 -1.066 -0.35065 0.207766 -1.20973 -0.649223 1.06719 -3.05881 -0.42649 0.626202 -0.502533 
3.30932 1.08701 -0.566026 -2.19926 1.35606 -0.332406 -1.27233 -3.59018 0.807159 -1.50679 2.42075 0.94269 -0.181315 -1.84778 1.77938 0.149739 -1.36808 2.20846 0.679586 -1.45122 0.285664 
1.29105 1.17344 -0.0148591 -0.979574 -1.13437 -0.14727 -0.21199 -0.397628 -0.743252 -0.45149 -6.60108 -2.46612 0.826703 -0.309803 0.780237 1.28433 1.79779 -1.50892 1.99589 1.64949 -0.434143 
0.139688 0.523083 0.0965619 -1.04958 -0.10103 0.656527 0.0210428 -1.17059 -0.496371 0.432593 0.166983 1.03674 -0.106676 -1.32576 -0.108775 1.62886 0.232434 -1.3691 -0.684469 1.063 1.2087 
0.157637 -0.474031 -1.07087 0.347279 -0.91357 -1.90893 0.708308 -0.400208 4.16048 0.596629 -0.0100778 0.61096 -0.312364 0.00727247 0.8908 -0.356689 -1.66455 0.81536 0.0230066 -1.75911 -0.981977 
-2.10351 -1.30538 -1.08962 1.59997 1.52111 -0.675076 -0.75069 1.67699 -0.944448 1.63589 1.44712 1.30889 1.29684 1.40172 -1.22075 -1.18724 -1.05979 -1.26096 -1.17275 -1.15781 -0.456555 
-0.708431 -0.384697 2.98802 2.73359 0.0610552 -0.928391 -1.20312 -2.62137 -0.216274 1.73797 0.261885 -0.719312 -0.808472 -0.849294 -0.857309 -0.316954 0.171829 0.606552 -0.0408552 -0.248611 2.05969 
1.7077 -0.621049 0.547783 -1.70625 0.325913 -1.16579 0.220817 -1.11067 1.6461 -1.05376 0.137032 -0.933143 0.681104 -0.981735 0.581633 -1.09925 0.38334 -1.07343 0.373795 -1.12738 -0.579757 
-0.995505 -0.774848 -0.862842 -0.807791 -0.356886 0.58586 0.299435 1.69396 -1.65549 -1.56798 -0.210659 0.19041 0.876164 0.725882 0.986992 -1.07087 -0.99302 -1.11049 0.288475 0.849585 -0.437302 
-0.445947 -0.5885 -0.896235 3.3563 -0.830188 -0.847676 -0.926931 -0.87295 3.26951 -0.963399 -2.44915 -1.64843 1.03767 -2.51035 -2.27374 0.762514 1.11668 1.64342 1.20079 1.50813 -0.82961 

0.0564155 0.0172445 -0.00682773 0.0527956 0.0551085 0.0632576 -0.122328 0.0124601 -0.0722346 -0.0183473 -0.0292693 0.0340507 -0.0396161 -0.0596522 0.0117243 0.0144933 0.0111562 -0.0248522 0.0646909 0.0330305 0.06354 -0.0373241 -0.076822 -0.0105915 0.00964071 -0.133105 -0.0624323 0.0113382 -0.0316072 0.0212919 
0.0531154 -0.0899424 -0.0423175 -0.0333495 0.128355 0.0597925 -0.0231595 0.00321487 -0.148526 0.0337078 -0.00251672 -0.0630491 -0.0482574 0.0190552 0.0242673 0.0471505 -0.0397607 -0.0555989 -0.061278 -0.0799151 0.0902898 -0.0947215 -0.117708 -0.0475738 0.0223047 -0.182124 -0.0551049 -0.0485247 -0.109565 -0.0990179 
0.0344449 0.00207119 -0.0929295 0.114957 -0.043737 0.0445321 0.0352039 0.0789078 0.0388 0.270124 -0.0901285 0.0892839 0.131494 0.0452527 -0.0532885 0.0550125 0.0653566 0.0748427 0.0313651 -0.0356512 -0.00443826 0.0684543 -0.136318 -0.199466 -0.123686 -0.192057 -0.0726769 0.0397914 -0.170372 -0.121658 
0.00627384 -0.0209344 -0.174541 0.12025 -0.179373 -0.0531118 0.274953 0.0971401 0.151985 0.559784 -0.0329802 0.0790477 0.289014 0.228868 -0.110165 0.0748418 0.121048 0.17338 -0.0865441 -0.159556 -0.10532 0.161055 -0.118413 -0.415346 -0.218853 -0.161295 -0.0454636 0.023726 -0.26179 -0.226841 
0.547275 1.68847 -1.34122 -0.752024 0.201488 -0.0424984 -0.736622 -0.165695 0.846601 -0.615102 0.744911 -0.532183 0.778288 0.390832 -0.502825 0.77551 0.0747381 -0.479833 -0.545753 1.17046 0.266885 -0.311495 0.727176 0.780953 0.515134 -0.676996 0.998048 0.163647 0.755379 0.533001 
-0.185091 -0.524809 -0.101971 0.29942 0.918683 -0.772366 -0.267133 0.358985 1.45992 -0.583213 -0.245882 0.522452 0.794603 -0.287187 -0.245956 -1.77932 -0.417795 0.208755 0.826438 -0.684667 -0.95997 0.173335 0.200566 0.747797 -0.985231 1.2489 0.145734 -0.334135 -0.665044 -0.574432 
-0.999416 -1.96368 1.75797 0.645537 0.431052 1.45217 0.828136 0.0684505 -1.58586 -0.508729 -1.25778 -0.157284 -1.42241 -0.36101 2.1646 1.02143 -0.154651 0.0693857 -1.03079 -0.180526 0.385782 0.592054 0.602698 -0.791987 0.219298 1.29995 0.687755 0.35043 1.33444 -1.67788 
1.72726 -2.04171 -1.01979 -1.49669 -1.56934 -0.384865 0.392843 0.416841 -1.23196 0.0276251 1.15893 -0.992924 -1.16427 -1.19945 -0.578644 -2.35475 1.29643 0.0309932 1.70661 0.341498 0.623548 -0.211907 -0.232819 -0.824027 1.58362 0.638406 -0.804655 -0.526922 -0.818379 1.85443 
0.0984339 0.400266 0.825452 0.980143 -1.71061 -0.179043 0.607133 -0.437316 0.536479 -0.481712 1.80309 1.06306 0.298998 -0.196677 -0.263816 -0.769956 -0.496723 -1.40631 -0.240713 0.5574 -0.520671 -0.136322 -0.526335 1.83484 -0.785135 -0.494027 -0.188347 0.761994 1.8152 2.35943 
-0.79077 1.56158 2.35428 -0.12101 -0.0970153 -1.28399 -1.45346 -0.465186 0.447078 0.944526 -0.340957 -0.991138 -0.383237 1.80379 -0.9343 0.362022 -0.856645 -0.12832 -0.502243 0.760817 -0.558826 0.691112 -0.303164 0.310954 -0.877382 0.321638 -0.214783 -0.75733 0.630624 1.25388 
1.59171 2.18393 -0.640103 -0.858871 0.933626 1.3635 0.223648 -0.224813 -0.347677 -0.899514 0.377114 0.143342 -0.932508 -1.45306 -0.389695 4.11765 0.0809042 1.15673 1.16159 -1.16509 0.837118 -0.389421 0.120342 -0.956072 1.54342 -0.036156 -2.03855 0.731306 -1.53866 -0.266456 
-0.348786 2.45421 0.0708678 0.881911 0.337303 -0.639779 -0.0607603 -0.744097 0.0119299 -1.08344 -0.283851 0.583054 -0.500782 -0.702726 1.29042 2.28186 0.924923 -0.503305 -0.926826 0.890235 -0.287873 -0.276285 0.410751 -0.882018 -0.37012 -0.994913 -1.25649 -0.249053 0.580332 -0.39353 
-2.05187 -2.20592 0.568236 -0.293666 -0.279502 0.128514 0.486202 -0.112301 -0.73855 1.08529 -1.46091 -0.308082 0.785624 0.809393 0.196433 -1.33437 -0.053894 0.678428 0.128089 -1.44921 -0.0332487 -0.309089 -0.383793 0.736072 -0.714702 1.27741 0.435694 0.426452 -1.76651 -1.58979 
0.126818 -0.408925 -0.909542 0.439913 -0.142163 0.461547 0.424838 -0.428476 -0.954131 -0.413647 -0.0325318 1.05474 0.43505 -0.145572 0.767292 0.0277605 -1.36056 -0.765513 -0.726034 0.536606 1.11935 0.346736 0.376179 1.44686 1.3335 -1.70821 1.14302 -1.1838 1.34731 0.0582604 
0.101342 -1.27645 -0.589551 0.0311836 0.420034 0.00338043 -0.564063 0.159642 0.517067 0.974988 -0.193863 -0.402553 -0.0887879 0.887224 -0.963107 -1.87818 0.196976 0.807815 0.069308 -0.271386 -0.808268 -0.215129 -0.316223 -0.899271 -0.277869 0.131621 0.832699 0.394846 -0.493146 0.0091263 
-0.366565 0.167093 0.274708 -0.0579672 0.326308 -0.0612642 0.194651 0.0146896 0.50702 0.00439362 0.0591024 0.0616932 0.202103 0.0388571 0.00195685 0.294813 0.0977781 -0.2265 -0.140417 -0.0240195 0.18017 -0.0417255 0.110246 -0.0574021 -0.0769068 -0.136623 0.704885 -0.0358418 0.606539 -0.424469 
-0.0163683 0.131089 0.061419 0.106392 -0.122578 -0.0161276 -0.0346234 0.159477 0.149951 -0.0714237 0.0117188 0.0984988 0.0495602 -0.122575 0.0233643 0.161419 0.0811333 -0.00870461 0.129771 0.141692 -0.0288124 0.122403 0.0657328 0.0476511 -0.0338702 0.102235 -0.0935206 0.060188 0.067036 0.098294 
0.216335 -0.0740572 -0.0484679 -0.0509869 -0.133287 -0.0147289 -0.028376 0.174776 -0.231759 -0.0667711 0.0572637 -0.103934 -0.12007 -0.049433 0.0567777 0.0985105 -0.0405732 0.0154121 0.0362928 -0.0147955 -0.0539424 -0.0109459 -0.0439876 0.0124078 0.0256453 0.105649 -0.40101 -0.0106005 -0.300799 0.158408 
0.114992 -0.00635479 -0.0298988 -0.0295539 -0.063337 0.00744804 -0.0085221 0.0881142 -0.121571 -0.0331222 0.0400688 -0.0388895 -0.0390086 -0.0388994 0.0226766 0.0938861 -0.0182421 -0.0011659 0.011 0.0046574 0.00872432 -0.0143406 -0.0322246 0.0184526 0.00765642 0.0123889 -0.191263 -0.00636638 -0.127918 0.0805412 

